13 23 2 1
13 23 3 1
13 24 3 1
13 25 2 1
14 18 1 1
14 22 2 1
14 22 3 1
14 23 1 1
14 23 2 1
14 23 3 1
14 23 4 1
14 24 2 1
14 24 3 1
14 24 4 1
14 25 1 1
14 25 2 1
14 25 3 1
14 26 2 1
14 26 4 1
14 26 5 1
15 17 1 1
15 18 0 1
15 18 1 1
15 18 2 1
15 19 1 1
15 22 3 1
15 23 2 1
15 23 3 1
15 23 4 1
15 24 1 1
15 24 2 1
15 24 3 1
15 24 4 1
15 25 0 1
15 25 1 1
15 25 2 1
15 25 3 1
15 25 4 1
15 25 5 1
15 26 0 1
15 26 1 1
15 26 2 1
15 26 3 1
15 26 4 1
15 26 5 1
15 26 6 1
15 27 0 1
15 27 1 1
15 27 4 1
15 27 5 1
15 28 0 1
15 30 3 1
16 17 0 1
16 17 1 1
16 17 2 1
16 18 0 1
16 18 1 1
16 18 2 1
16 18 3 1
16 19 0 1
16 19 1 1
16 19 2 1
16 20 1 1
16 21 0 1
16 22 0 1
16 22 3 1
16 23 0 1
16 23 2 1
16 23 3 1
16 23 4 1
16 24 0 1
16 24 1 1
16 24 2 1
16 24 3 1
16 24 4 1
16 24 5 1
16 25 0 1
16 25 1 1
16 25 2 1
16 25 3 1
16 25 4 1
16 25 5 1
16 26 0 1
16 26 1 1
16 26 2 1
16 26 3 1
16 26 4 1
16 26 5 1
16 27 0 1
16 27 1 1
16 27 2 1
16 27 4 1
16 28 0 1
16 28 1 1
16 29 0 1
16 29 3 1
16 29 5 1
16 30 2 1
16 30 3 1
16 30 4 1
16 30 5 1
16 31 3 1
16 31 5 1
16 33 2 1
17 17 1 1
17 18 0 1
17 18 1 1
17 18 2 1
17 19 0 1
17 19 1 1
17 19 2 1
17 20 0 1
17 20 1 1
17 20 3 1
17 20 5 1
17 21 0 1
17 21 1 1
17 21 3 1
17 21 5 1
17 22 0 1
17 22 1 1
17 22 2 1
17 22 3 1
17 23 0 1
17 23 1 1
17 23 2 1
17 23 3 1
17 23 4 1
17 23 5 1
17 24 0 1
17 24 1 1
17 24 2 1
17 24 3 1
17 24 4 1
17 24 5 1
17 24 6 1
17 25 0 1
17 25 1 1
17 25 2 1
17 25 3 1
17 25 4 1
17 25 5 1
17 25 6 1
17 26 0 1
17 26 1 1
17 26 2 1
17 26 3 1
17 26 4 1
17 26 5 1
17 27 0 1
17 27 1 1
17 27 2 1
17 27 3 1
17 27 4 1
17 28 0 1
17 28 1 1
17 28 2 1
17 28 3 1
17 28 5 1
17 29 0 1
17 29 1 1
17 29 2 1
17 29 3 1
17 29 4 1
17 29 5 1
17 29 6 1
17 30 0 1
17 30 1 1
17 30 2 1
17 30 3 1
17 30 4 1
17 30 5 1
17 30 6 1
17 31 2 1
17 31 3 1
17 31 4 1
17 31 5 1
17 31 6 1
17 32 2 1
17 32 5 1
17 33 1 1
17 33 2 1
17 33 3 1
17 34 2 1
18 16 0 1
18 16 1 1
18 17 0 1
18 17 1 1
18 17 2 1
18 18 0 1
18 18 1 1
18 18 2 1
18 18 3 1
18 19 0 1
18 19 1 1
18 19 2 1
18 19 3 1
18 19 5 1
18 20 0 1
18 20 1 1
18 20 2 1
18 20 3 1
18 20 4 1
18 20 5 1
18 20 6 1
18 21 0 1
18 21 1 1
18 21 2 1
18 21 3 1
18 21 4 1
18 21 5 1
18 21 6 1
18 22 0 1
18 22 1 1
18 22 2 1
18 22 3 1
18 22 4 1
18 22 5 1
18 23 0 1
18 23 1 1
18 23 2 1
18 23 3 1
18 23 4 1
18 24 0 1
18 24 1 1
18 24 2 1
18 24 3 1
18 24 4 1
18 24 5 1
18 25 0 1
18 25 1 1
18 25 2 1
18 25 3 1
18 25 4 1
18 25 5 1
18 25 6 1
18 26 0 1
18 26 1 1
18 26 2 1
18 26 3 1
18 26 4 1
18 26 5 1
18 26 6 1
18 27 0 1
18 27 1 1
18 27 2 1
18 27 3 1
18 27 4 1
18 27 5 1
18 28 0 1
18 28 1 1
18 28 2 1
18 28 3 1
18 28 4 1
18 28 5 1
18 28 6 1
18 29 0 1
18 29 1 1
18 29 2 1
18 29 3 1
18 29 4 1
18 29 5 1
18 29 6 1
18 29 7 1
18 30 0 1
18 30 1 1
18 30 2 1
18 30 3 1
18 30 4 1
18 30 5 1
18 30 6 1
18 30 7 1
18 31 0 1
18 31 1 1
18 31 2 1
18 31 3 1
18 31 4 1
18 31 5 1
18 31 6 1
18 32 1 1
18 32 2 1
18 32 3 1
18 32 4 1
18 32 5 1
18 33 1 1
18 33 2 1
18 33 3 1
18 33 4 1
18 34 2 1
18 34 3 1
19 15 0 1
19 16 0 1
19 16 1 1
19 17 0 1
19 17 1 1
19 17 2 1
19 17 3 1
19 18 0 1
19 18 1 1
19 18 2 1
19 18 3 1
19 18 4 1
19 19 0 1
19 19 1 1
19 19 2 1
19 19 3 1
19 20 0 1
19 20 1 1
19 20 2 1
19 20 3 1
19 20 4 1
19 20 5 1
19 21 0 1
19 21 1 1
19 21 2 1
19 21 3 1
19 21 4 1
19 21 5 1
19 21 6 1
19 22 0 1
19 22 1 1
19 22 2 1
19 22 3 1
19 22 4 1
19 22 5 1
19 23 0 1
19 23 1 1
19 23 2 1
19 23 3 1
19 23 4 1
19 23 5 1
19 24 0 1
19 24 1 1
19 24 2 1
19 24 3 1
19 24 4 1
19 24 6 1
19 25 0 1
19 25 1 1
19 25 2 1
19 25 3 1
19 25 4 1
19 25 5 1
19 25 6 1
19 25 7 1
19 26 0 1
19 26 1 1
19 26 2 1
19 26 3 1
19 26 4 1
19 26 5 1
19 26 6 1
19 27 0 1
19 27 1 1
19 27 2 1
19 27 3 1
19 27 4 1
19 27 5 1
19 28 0 1
19 28 1 1
19 28 2 1
19 28 3 1
19 28 4 1
19 29 0 1
19 29 1 1
19 29 2 1
19 29 3 1
19 29 4 1
19 29 5 1
19 29 6 1
19 30 0 1
19 30 1 1
19 30 2 1
19 30 3 1
19 30 4 1
19 30 5 1
19 30 6 1
19 31 0 1
19 31 1 1
19 31 2 1
19 31 3 1
19 31 4 1
19 31 5 1
19 31 6 1
19 32 0 1
19 32 1 1
19 32 2 1
19 32 3 1
19 32 4 1
19 32 5 1
19 32 6 1
19 33 0 1
19 33 1 1
19 33 2 1
19 33 3 1
19 33 5 1
19 34 1 1
19 34 2 1
19 34 3 1
19 34 4 1
19 35 2 1
20 16 0 1
20 16 1 1
20 17 0 1
20 17 1 1
20 17 2 1
20 18 0 1
20 18 1 1
20 18 2 1
20 18 3 1
20 19 0 1
20 19 1 1
20 19 2 1
20 19 3 1
20 19 4 1
20 20 0 1
20 20 1 1
20 20 2 1
20 20 3 1
20 20 4 1
20 20 5 1
20 21 0 1
20 21 1 1
20 21 2 1
20 21 3 1
20 21 4 1
20 21 5 1
20 21 6 1
20 21 8 1
20 22 0 1
20 22 1 1
20 22 2 1
20 22 3 1
20 22 4 1
20 22 5 1
20 22 8 1
20 23 0 1
20 23 1 1
20 23 2 1
20 23 3 1
20 23 4 1
20 23 5 1
20 23 7 1
20 24 0 1
20 24 1 1
20 24 2 1
20 24 3 1
20 24 4 1
20 24 5 1
20 24 6 1
20 24 8 1
20 25 0 1
20 25 1 1
20 25 2 1
20 25 3 1
20 25 4 1
20 25 5 1
20 25 6 1
20 25 7 1
20 26 0 1
20 26 1 1
20 26 2 1
20 26 3 1
20 26 4 1
20 26 5 1
20 26 6 1
20 26 7 1
20 27 0 1
20 27 1 1
20 27 2 1
20 27 3 1
20 27 4 1
20 27 5 1
20 28 0 1
20 28 1 1
20 28 2 1
20 28 3 1
20 28 4 1
20 28 5 1
20 29 0 1
20 29 1 1
20 29 2 1
20 29 3 1
20 29 4 1
20 29 5 1
20 29 6 1
20 30 0 1
20 30 1 1
20 30 2 1
20 30 3 1
20 30 4 1
20 30 5 1
20 31 0 1
20 31 1 1
20 31 2 1
20 31 3 1
20 31 4 1
20 31 5 1
20 32 0 1
20 32 1 1
20 32 2 1
20 32 3 1
20 32 4 1
20 32 5 1
20 33 1 1
20 33 2 1
20 33 3 1
20 33 4 1
20 34 1 1
20 34 2 1
20 34 3 1
20 34 4 1
20 34 5 1
20 35 4 1
21 16 1 1
21 17 0 1
21 17 1 1
21 17 2 1
21 18 0 1
21 18 1 1
21 18 2 1
21 18 3 1
21 19 0 1
21 19 1 1
21 19 2 1
21 19 3 1
21 19 4 1
21 20 0 1
21 20 1 1
21 20 2 1
21 20 3 1
21 20 4 1
21 20 8 1
21 21 0 1
21 21 1 1
21 21 2 1
21 21 3 1
21 21 4 1
21 21 5 1
21 21 7 1
21 21 8 1
21 21 9 1
21 22 0 1
21 22 1 1
21 22 2 1
21 22 3 1
21 22 4 1
21 22 5 1
21 22 6 1
21 22 7 1
21 22 8 1
21 22 9 1
21 23 0 1
21 23 1 1
21 23 2 1
21 23 3 1
21 23 4 1
21 23 5 1
21 23 6 1
21 23 7 1
21 23 8 1
21 24 0 1
21 24 1 1
21 24 2 1
21 24 3 1
21 24 4 1
21 24 5 1
21 24 6 1
21 24 7 1
21 24 8 1
21 24 9 1
21 25 0 1
21 25 1 1
21 25 2 1
21 25 3 1
21 25 4 1
21 25 5 1
21 25 6 1
21 25 7 1
21 25 8 1
21 26 0 1
21 26 1 1
21 26 2 1
21 26 3 1
21 26 4 1
21 26 5 1
21 26 6 1
21 26 7 1
21 26 8 1
21 27 0 1
21 27 1 1
21 27 2 1
21 27 3 1
21 27 4 1
21 27 5 1
21 27 6 1
21 27 7 1
21 28 0 1
21 28 1 1
21 28 2 1
21 28 3 1
21 28 6 1
21 29 0 1
21 29 1 1
21 29 2 1
21 29 3 1
21 29 4 1
21 29 5 1
21 30 0 1
21 30 1 1
21 30 2 1
21 30 3 1
21 30 4 1
21 31 0 1
21 31 1 1
21 31 2 1
21 31 3 1
21 31 4 1
21 31 5 1
21 32 0 1
21 32 1 1
21 32 2 1
21 32 3 1
21 32 4 1
21 32 5 1
21 33 1 1
21 33 2 1
21 33 3 1
21 33 4 1
21 33 5 1
21 34 0 1
21 34 1 1
21 34 2 1
21 34 3 1
21 34 4 1
21 34 5 1
21 35 1 1
21 35 4 1
22 16 0 1
22 17 0 1
22 17 1 1
22 17 3 1
22 18 0 1
22 18 1 1
22 18 2 1
22 18 3 1
22 19 0 1
22 19 1 1
22 19 3 1
22 20 0 1
22 20 1 1
22 20 2 1
22 20 3 1
22 20 4 1
22 20 5 1
22 21 0 1
22 21 1 1
22 21 2 1
22 21 3 1
22 21 4 1
22 21 5 1
22 21 6 1
22 21 8 1
22 22 0 1
22 22 1 1
22 22 2 1
22 22 3 1
22 22 4 1
22 22 5 1
22 22 6 1
22 22 7 1
22 22 8 1
22 22 9 1
22 23 0 1
22 23 1 1
22 23 2 1
22 23 3 1
22 23 4 1
22 23 5 1
22 23 6 1
22 23 7 0
22 23 8 1
22 23 9 0
22 24 0 1
22 24 1 1
22 24 2 1
22 24 3 1
22 24 4 1
22 24 5 1
22 24 6 1
22 24 7 1
22 24 8 1
22 24 9 1
22 24 10 1
22 25 0 1
22 25 1 1
22 25 2 1
22 25 3 1
22 25 4 1
22 25 5 1
22 25 6 1
22 25 7 1
22 25 8 1
22 25 9 1
22 26 0 1
22 26 1 1
22 26 2 1
22 26 3 1
22 26 4 1
22 26 5 1
22 26 6 1
22 26 7 1
22 26 8 1
22 27 0 1
22 27 1 1
22 27 2 1
22 27 3 1
22 27 5 1
22 27 6 1
22 27 7 1
22 27 8 1
22 28 0 1
22 28 1 1
22 28 2 1
22 28 3 1
22 28 5 1
22 28 6 1
22 28 7 1
22 29 0 1
22 29 1 1
22 29 2 1
22 29 3 1
22 29 4 1
22 29 6 1
22 30 0 1
22 30 1 1
22 30 2 1
22 30 3 1
22 30 4 1
22 30 5 1
22 30 6 1
22 31 0 1
22 31 1 1
22 31 2 1
22 31 3 1
22 31 4 1
22 31 5 1
22 31 6 1
22 32 0 1
22 32 1 1
22 32 2 1
22 32 3 1
22 32 4 1
22 32 5 1
22 32 6 1
22 33 0 1
22 33 1 1
22 33 2 1
22 33 3 1
22 33 4 1
22 33 5 1
22 34 0 1
22 34 1 1
22 34 2 1
22 34 3 1
22 34 4 1
22 34 5 1
22 35 0 1
22 35 1 1
22 35 3 1
22 35 4 1
23 16 0 1
23 16 1 1
23 16 3 1
23 17 0 1
23 17 1 1
23 17 2 1
23 17 3 1
23 17 4 1
23 18 0 1
23 18 1 1
23 18 2 1
23 18 3 1
23 18 4 1
23 19 0 1
23 19 1 1
23 19 2 1
23 19 3 1
23 20 0 1
23 20 1 1
23 20 2 1
23 20 3 1
23 20 4 1
23 21 0 1
23 21 1 1
23 21 2 1
23 21 3 1
23 21 4 1
23 21 5 1
23 21 6 1
23 21 7 1
23 22 0 1
23 22 1 1
23 22 2 1
23 22 3 1
23 22 4 1
23 22 5 1
23 22 6 1
23 22 7 1
23 22 8 1
23 23 0 1
23 23 1 1
23 23 2 1
23 23 3 1
23 23 4 1
23 23 5 1
23 23 6 0
23 23 7 0
23 23 8 1
23 24 0 1
23 24 1 1
23 24 2 1
23 24 3 1
23 24 4 1
23 24 5 1
23 24 6 0
23 24 7 0
23 24 8 1
23 24 9 1
23 25 0 1
23 25 1 1
23 25 2 1
23 25 3 1
23 25 4 1
23 25 5 1
23 25 6 0
23 25 7 0
23 25 8 0
23 26 0 1
23 26 1 1
23 26 2 1
23 26 3 1
23 26 4 1
23 26 5 1
23 26 6 1
23 26 7 0
23 26 8 0
23 26 9 0
23 27 0 1
23 27 1 1
23 27 2 1
23 27 3 1
23 27 4 1
23 27 5 1
23 27 6 1
23 27 7 1
23 27 8 0
23 28 0 1
23 28 1 1
23 28 2 1
23 28 3 1
23 28 4 1
23 28 6 1
23 29 0 1
23 29 1 1
23 29 2 1
23 29 3 1
23 29 4 1
23 29 5 1
23 29 6 1
23 29 7 1
23 30 0 1
23 30 1 1
23 30 2 1
23 30 3 1
23 30 4 1
23 30 5 1
23 30 6 1
23 30 7 1
23 31 0 1
23 31 1 1
23 31 2 1
23 31 3 1
23 31 4 1
23 31 5 1
23 31 6 1
23 32 0 1
23 32 1 1
23 32 2 1
23 32 3 1
23 32 4 1
23 32 5 1
23 32 6 1
23 32 7 1
23 33 0 1
23 33 1 1
23 33 2 1
23 33 3 1
23 33 4 1
23 33 5 1
23 33 6 1
23 34 0 1
23 34 1 1
23 34 2 1
23 34 3 1
23 34 4 1
23 35 2 1
23 35 3 1
23 35 4 1
23 35 5 1
23 36 3 1
23 36 4 1
24 15 0 1
24 16 0 1
24 16 1 1
24 17 0 1
24 17 1 1
24 17 3 1
24 18 0 1
24 18 1 1
24 18 2 1
24 18 3 1
24 19 0 1
24 19 1 1
24 19 2 1
24 19 3 1
24 19 4 1
24 20 0 1
24 20 1 1
24 20 2 1
24 20 3 1
24 20 4 1
24 20 5 1
24 20 6 1
24 21 0 1
24 21 1 1
24 21 2 1
24 21 3 1
24 21 4 1
24 21 5 1
24 21 6 1
24 21 7 1
24 22 0 1
24 22 1 1
24 22 2 1
24 22 3 1
24 22 4 1
24 22 5 1
24 22 6 1
24 22 7 1
24 22 8 0
24 23 0 1
24 23 1 1
24 23 2 1
24 23 3 1
24 23 4 1
24 23 5 1
24 23 6 0
24 23 7 0
24 24 0 1
24 24 1 1
24 24 2 1
24 24 3 1
24 24 4 1
24 24 5 1
24 24 6 0
24 24 7 0
24 24 8 0
24 25 0 1
24 25 1 1
24 25 2 1
24 25 3 1
24 25 4 1
24 25 5 1
24 25 6 0
24 25 7 0
24 26 0 1
24 26 1 1
24 26 2 1
24 26 3 1
24 26 4 1
24 26 5 1
24 26 6 0
24 26 7 0
24 26 8 0
24 27 0 1
24 27 1 1
24 27 2 1
24 27 3 1
24 27 4 1
24 27 5 1
24 27 6 1
24 28 0 1
24 28 1 1
24 28 2 1
24 28 3 1
24 28 4 1
24 28 5 1
24 28 6 1
24 28 7 1
24 29 0 1
24 29 1 1
24 29 2 1
24 29 3 1
24 29 4 1
24 29 5 1
24 29 6 1
24 30 0 1
24 30 1 1
24 30 2 1
24 30 3 1
24 30 4 1
24 30 5 1
24 30 6 1
24 30 7 1
24 31 0 1
24 31 1 1
24 31 2 1
24 31 3 1
24 31 4 1
24 31 5 1
24 31 6 1
24 32 0 1
24 32 1 1
24 32 2 1
24 32 3 1
24 32 4 1
24 32 5 1
24 32 6 1
24 33 0 1
24 33 1 1
24 33 2 1
24 33 3 1
24 33 4 1
24 33 5 1
24 34 0 1
24 34 1 1
24 34 2 1
24 34 3 1
24 34 4 1
24 34 5 1
24 35 1 1
24 35 2 1
24 35 3 1
24 35 4 1
24 36 3 1
25 16 0 1
25 16 1 1
25 17 0 1
25 18 0 1
25 18 1 1
25 18 2 1
25 18 3 1
25 18 4 1
25 19 0 1
25 19 1 1
25 19 2 1
25 19 3 1
25 19 4 1
25 19 5 1
25 19 6 1
25 20 0 1
25 20 1 1
25 20 2 1
25 20 3 1
25 20 4 1
25 20 5 1
25 20 6 1
25 20 7 1
25 21 0 1
25 21 1 1
25 21 2 1
25 21 3 1
25 21 4 1
25 21 5 1
25 21 6 1
25 21 7 1
25 22 0 1
25 22 1 1
25 22 2 1
25 22 3 1
25 22 4 1
25 22 5 1
25 22 6 1
25 22 7 0
25 22 8 0
25 23 0 1
25 23 1 1
25 23 2 1
25 23 3 1
25 23 4 1
25 23 5 1
25 23 6 0
25 23 7 0
25 23 8 0
25 24 0 1
25 24 1 1
25 24 2 1
25 24 3 1
25 24 4 1
25 24 5 1
25 24 6 0
25 24 7 0
25 25 0 1
25 25 1 1
25 25 2 1
25 25 3 1
25 25 4 1
25 25 5 1
25 25 6 0
25 25 7 0
25 26 0 1
25 26 1 1
25 26 2 1
25 26 3 1
25 26 4 1
25 26 5 1
25 26 6 0
25 27 0 1
25 27 1 1
25 27 2 1
25 27 3 1
25 27 4 1
25 27 5 1
25 27 6 1
25 27 7 1
25 28 0 1
25 28 1 1
25 28 2 1
25 28 3 1
25 28 4 1
25 28 5 1
25 28 6 1
25 28 7 1
25 28 8 1
25 29 0 1
25 29 1 1
25 29 2 1
25 29 3 1
25 29 4 1
25 29 5 1
25 29 6 1
25 29 7 1
25 30 0 1
25 30 1 1
25 30 2 1
25 30 3 1
25 30 4 1
25 30 5 1
25 30 6 1
25 30 7 1
25 31 0 1
25 31 1 1
25 31 2 1
25 31 3 1
25 31 4 1
25 31 5 1
25 31 6 1
25 32 0 1
25 32 1 1
25 32 2 1
25 32 3 1
25 32 4 1
25 32 5 1
25 33 0 1
25 33 1 1
25 33 2 1
25 33 3 1
25 33 4 1
25 33 5 1
25 34 1 1
25 34 2 1
25 34 3 1
25 34 4 1
25 35 2 1
25 35 3 1
26 15 1 1
26 16 0 1
26 16 1 1
26 16 2 1
26 17 1 1
26 17 2 1
26 17 3 1
26 17 4 1
26 18 0 1
26 18 1 1
26 18 2 1
26 18 3 1
26 18 4 1
26 18 5 1
26 18 6 1
26 19 0 1
26 19 1 1
26 19 2 1
26 19 3 1
26 19 4 1
26 19 5 1
26 19 6 1
26 19 7 1
26 20 0 1
26 20 1 1
26 20 2 1
26 20 3 1
26 20 4 1
26 20 5 1
26 20 6 1
26 20 7 1
26 21 0 1
26 21 1 1
26 21 2 1
26 21 3 1
26 21 4 1
26 21 5 1
26 21 6 1
26 21 7 1
26 21 8 1
26 22 0 1
26 22 1 1
26 22 2 1
26 22 3 1
26 22 4 1
26 22 5 1
26 22 6 1
26 22 7 0
26 22 8 0
26 22 9 0
26 22 10 1
26 23 0 1
26 23 1 1
26 23 2 1
26 23 3 1
26 23 4 1
26 23 5 1
26 23 6 0
26 23 7 0
26 23 8 1
26 24 0 1
26 24 1 1
26 24 2 1
26 24 3 1
26 24 4 1
26 24 5 1
26 24 6 0
26 24 7 0
26 25 0 1
26 25 1 1
26 25 2 1
26 25 3 1
26 25 4 1
26 25 5 1
26 25 6 0
26 25 7 0
26 26 0 1
26 26 1 1
26 26 2 1
26 26 3 1
26 26 4 1
26 26 5 1
26 26 6 0
26 26 7 0
26 27 0 1
26 27 1 1
26 27 2 1
26 27 3 1
26 27 4 1
26 27 5 1
26 27 6 1
26 27 7 0
26 28 0 1
26 28 1 1
26 28 2 1
26 28 3 1
26 28 4 1
26 28 5 1
26 28 6 1
26 28 7 1
26 28 8 1
26 29 0 1
26 29 1 1
26 29 2 1
26 29 3 1
26 29 4 1
26 29 5 1
26 29 6 1
26 29 7 1
26 30 0 1
26 30 1 1
26 30 2 1
26 30 3 1
26 30 4 1
26 30 5 1
26 30 6 1
26 31 0 1
26 31 1 1
26 31 2 1
26 31 3 1
26 31 4 1
26 31 5 1
26 32 0 1
26 32 1 1
26 32 2 1
26 32 3 1
26 32 4 1
26 32 5 1
26 32 6 1
26 33 0 1
26 33 1 1
26 33 2 1
26 33 3 1
26 33 4 1
26 33 5 1
26 34 0 1
26 34 1 1
26 34 2 1
26 34 3 1
26 34 4 1
26 35 1 1
27 15 1 1
27 16 0 1
27 16 1 1
27 16 2 1
27 16 3 1
27 16 4 1
27 17 0 1
27 17 1 1
27 17 2 1
27 17 3 1
27 17 4 1
27 17 5 1
27 18 0 1
27 18 1 1
27 18 2 1
27 18 3 1
27 18 4 1
27 19 0 1
27 19 1 1
27 19 2 1
27 19 3 1
27 19 4 1
27 19 5 1
27 19 6 1
27 20 0 1
27 20 1 1
27 20 2 1
27 20 3 1
27 20 4 1
27 20 5 1
27 20 6 1
27 20 7 1
27 21 0 1
27 21 1 1
27 21 2 1
27 21 3 1
27 21 4 1
27 21 5 1
27 21 6 1
27 21 7 1
27 21 8 1
27 21 9 1
27 21 10 1
27 22 0 1
27 22 1 1
27 22 2 1
27 22 3 1
27 22 4 1
27 22 5 1
27 22 6 1
27 22 7 1
27 22 8 1
27 22 9 1
27 22 10 0
27 22 11 1
27 23 0 1
27 23 1 1
27 23 2 1
27 23 3 1
27 23 4 1
27 23 5 1
27 23 6 1
27 23 7 0
27 23 8 1
27 23 9 0
27 23 10 1
27 24 0 1
27 24 1 1
27 24 2 1
27 24 3 1
27 24 4 1
27 24 5 1
27 24 6 1
27 24 7 0
27 24 8 0
27 25 0 1
27 25 1 1
27 25 2 1
27 25 3 1
27 25 4 1
27 25 5 1
27 25 6 1
27 25 7 0
27 26 0 1
27 26 1 1
27 26 2 1
27 26 3 1
27 26 4 1
27 26 5 1
27 26 6 0
27 26 7 1
27 27 0 1
27 27 1 1
27 27 2 1
27 27 3 1
27 27 4 1
27 27 5 1
27 27 6 1
27 27 7 1
27 28 0 1
27 28 1 1
27 28 2 1
27 28 3 1
27 28 4 1
27 28 5 1
27 28 6 1
27 28 7 1
27 29 0 1
27 29 1 1
27 29 2 1
27 29 3 1
27 29 4 1
27 29 5 1
27 29 6 1
27 29 7 1
27 30 0 1
27 30 1 1
27 30 2 1
27 30 3 1
27 30 4 1
27 30 5 1
27 30 6 1
27 31 0 1
27 31 1 1
27 31 2 1
27 31 3 1
27 31 4 1
27 31 5 1
27 31 6 1
27 31 7 1
27 32 0 1
27 32 1 1
27 32 2 1
27 32 3 1
27 32 4 1
27 32 5 1
27 33 0 1
27 33 1 1
27 33 2 1
27 33 3 1
27 33 4 1
27 33 5 1
27 34 1 1
27 34 2 1
28 15 0 1
28 15 1 1
28 15 2 1
28 16 0 1
28 16 1 1
28 16 2 1
28 16 3 1
28 16 4 1
28 16 5 1
28 17 0 1
28 17 1 1
28 17 2 1
28 17 3 1
28 17 4 1
28 17 5 1
28 18 0 1
28 18 1 1
28 18 2 1
28 18 3 1
28 18 4 1
28 18 5 1
28 18 8 1
28 19 0 1
28 19 1 1
28 19 2 1
28 19 3 1
28 19 4 1
28 19 5 1
28 19 6 1
28 19 7 1
28 20 0 1
28 20 1 1
28 20 2 1
28 20 3 1
28 20 4 1
28 20 5 1
28 20 6 1
28 20 7 1
28 21 0 1
28 21 1 1
28 21 2 1
28 21 3 1
28 21 4 1
28 21 5 1
28 21 6 1
28 21 7 1
28 21 8 1
28 21 9 1
28 22 0 1
28 22 1 1
28 22 2 1
28 22 3 1
28 22 4 1
28 22 5 1
28 22 6 1
28 22 7 1
28 22 8 1
28 22 9 1
28 22 10 1
28 23 0 1
28 23 1 1
28 23 2 1
28 23 3 1
28 23 4 1
28 23 5 1
28 23 6 1
28 23 7 1
28 23 8 0
28 23 9 1
28 24 0 1
28 24 1 1
28 24 2 1
28 24 3 1
28 24 4 1
28 24 5 1
28 24 6 1
28 24 7 0
28 24 8 0
28 24 9 0
28 25 0 1
28 25 1 1
28 25 2 1
28 25 3 1
28 25 4 1
28 25 5 1
28 25 6 1
28 25 7 0
28 25 8 0
28 26 0 1
28 26 1 1
28 26 2 1
28 26 3 1
28 26 4 1
28 26 5 1
28 26 6 1
28 26 7 0
28 26 8 0
28 26 9 0
28 27 0 1
28 27 1 1
28 27 2 1
28 27 3 1
28 27 4 1
28 27 5 1
28 27 6 1
28 27 7 1
28 28 0 1
28 28 1 1
28 28 2 1
28 28 3 1
28 28 4 1
28 28 5 1
28 28 6 1
28 28 7 1
28 29 0 1
28 29 1 1
28 29 2 1
28 29 3 1
28 29 4 1
28 29 5 1
28 29 6 1
28 29 7 1
28 29 8 1
28 30 0 1
28 30 1 1
28 30 2 1
28 30 3 1
28 30 4 1
28 30 5 1
28 30 6 1
28 30 7 1
28 31 0 1
28 31 1 1
28 31 2 1
28 31 3 1
28 31 4 1
28 31 5 1
28 31 6 1
28 31 7 1
28 31 8 1
28 32 0 1
28 32 1 1
28 32 2 1
28 32 3 1
28 32 4 1
28 32 5 1
28 32 6 1
28 32 7 1
28 33 0 1
28 33 1 1
28 33 2 1
28 33 4 1
28 33 5 1
28 33 6 1
28 34 5 1
29 14 1 1
29 14 2 1
29 15 0 1
29 15 1 1
29 15 2 1
29 15 3 1
29 15 5 1
29 16 0 1
29 16 1 1
29 16 2 1
29 16 3 1
29 16 4 1
29 16 5 1
29 16 6 1
29 17 0 1
29 17 1 1
29 17 2 1
29 17 3 1
29 17 4 1
29 17 5 1
29 17 8 1
29 18 0 1
29 18 1 1
29 18 2 1
29 18 3 1
29 18 4 1
29 18 5 1
29 18 6 1
29 18 7 1
29 18 8 1
29 18 9 1
29 19 0 1
29 19 1 1
29 19 2 1
29 19 3 1
29 19 4 1
29 19 5 1
29 19 6 1
29 19 7 1
29 19 8 1
29 19 9 1
29 20 0 1
29 20 1 1
29 20 2 1
29 20 3 1
29 20 4 1
29 20 5 1
29 20 6 1
29 20 7 1
29 20 8 1
29 20 9 1
29 21 0 1
29 21 1 1
29 21 2 1
29 21 3 1
29 21 4 1
29 21 5 1
29 21 6 1
29 21 7 1
29 21 8 1
29 21 9 1
29 21 10 1
29 22 0 1
29 22 1 1
29 22 2 1
29 22 3 1
29 22 4 1
29 22 5 1
29 22 6 1
29 22 7 1
29 22 8 1
29 22 9 1
29 23 0 1
29 23 1 1
29 23 2 1
29 23 3 1
29 23 4 1
29 23 5 1
29 23 6 1
29 23 7 1
29 23 8 1
29 24 0 1
29 24 1 1
29 24 2 1
29 24 3 1
29 24 4 1
29 24 5 1
29 24 6 1
29 24 7 1
29 24 8 1
29 25 0 1
29 25 1 1
29 25 2 1
29 25 3 1
29 25 4 1
29 25 5 1
29 25 6 1
29 25 7 1
29 25 8 1
29 25 9 1
29 26 0 1
29 26 1 1
29 26 2 1
29 26 3 1
29 26 4 1
29 26 5 1
29 26 6 1
29 26 7 1
29 26 8 1
29 26 9 1
29 26 10 0
29 27 0 1
29 27 1 1
29 27 2 1
29 27 3 1
29 27 4 1
29 27 5 1
29 27 6 1
29 27 7 1
29 27 8 1
29 27 9 1
29 28 0 1
29 28 1 1
29 28 2 1
29 28 3 1
29 28 4 1
29 28 5 1
29 28 6 1
29 28 7 1
29 28 8 1
29 29 0 1
29 29 1 1
29 29 2 1
29 29 3 1
29 29 4 1
29 29 5 1
29 29 6 1
29 29 7 1
29 29 8 1
29 30 0 1
29 30 1 1
29 30 2 1
29 30 3 1
29 30 4 1
29 30 5 1
29 30 6 1
29 30 7 1
29 31 0 1
29 31 1 1
29 31 2 1
29 31 3 1
29 31 4 1
29 31 5 1
29 31 6 1
29 31 7 1
29 32 0 1
29 32 1 1
29 32 2 1
29 32 3 1
29 32 4 1
29 32 5 1
29 32 6 1
29 33 3 1
29 33 4 1
29 33 5 1
30 15 1 1
30 15 2 1
30 15 3 1
30 15 4 1
30 15 5 1
30 16 0 1
30 16 1 1
30 16 2 1
30 16 3 1
30 16 4 1
30 16 5 1
30 16 6 1
30 16 8 1
30 17 0 1
30 17 1 1
30 17 2 1
30 17 3 1
30 17 4 1
30 17 5 1
30 17 6 1
30 17 7 1
30 17 8 1
30 17 9 1
30 18 0 1
30 18 1 1
30 18 2 1
30 18 3 1
30 18 4 1
30 18 5 1
30 18 6 1
30 18 7 1
30 18 8 1
30 18 9 1
30 19 0 1
30 19 1 1
30 19 2 1
30 19 3 1
30 19 4 1
30 19 5 1
30 19 6 1
30 19 7 1
30 19 8 1
30 19 9 1
30 19 10 1
30 20 0 1
30 20 1 1
30 20 2 1
30 20 3 1
30 20 4 1
30 20 5 1
30 20 6 1
30 20 7 1
30 20 8 1
30 20 9 1
30 21 0 1
30 21 1 1
30 21 2 1
30 21 3 1
30 21 4 1
30 21 5 1
30 21 6 1
30 21 7 1
30 21 8 1
30 21 9 1
30 22 0 1
30 22 1 1
30 22 2 1
30 22 3 1
30 22 4 1
30 22 5 1
30 22 6 1
30 22 7 1
30 22 8 1
30 22 9 1
30 23 0 1
30 23 1 1
30 23 2 1
30 23 3 1
30 23 4 1
30 23 5 1
30 23 6 1
30 23 7 1
30 23 8 1
30 24 0 1
30 24 1 1
30 24 2 1
30 24 3 1
30 24 4 1
30 24 5 1
30 24 6 1
30 24 7 1
30 24 8 1
30 25 0 1
30 25 1 1
30 25 2 1
30 25 3 1
30 25 4 1
30 25 5 1
30 25 6 1
30 25 7 1
30 25 9 1
30 26 0 1
30 26 1 1
30 26 2 1
30 26 3 1
30 26 4 1
30 26 5 1
30 26 6 1
30 26 7 1
30 26 8 1
30 26 9 1
30 26 10 1
30 27 0 1
30 27 1 1
30 27 2 1
30 27 3 1
30 27 4 1
30 27 5 1
30 27 7 1
30 27 8 1
30 27 9 1
30 27 10 1
30 28 0 1
30 28 1 1
30 28 2 1
30 28 3 1
30 28 4 1
30 28 5 1
30 28 6 1
30 28 7 1
30 28 8 1
30 28 9 1
30 29 0 1
30 29 1 1
30 29 2 1
30 29 3 1
30 29 4 1
30 29 5 1
30 29 6 1
30 29 7 1
30 30 0 1
30 30 1 1
30 30 2 1
30 30 3 1
30 30 4 1
30 30 5 1
30 30 6 1
30 31 0 1
30 31 1 1
30 31 2 1
30 31 3 1
30 31 4 1
30 31 5 1
30 31 6 1
30 32 0 1
30 32 2 1
30 32 3 1
30 32 4 1
31 14 2 1
31 14 3 1
31 15 0 1
31 15 1 1
31 15 2 1
31 15 3 1
31 15 4 1
31 16 0 1
31 16 1 1
31 16 2 1
31 16 3 1
31 16 4 1
31 16 5 1
31 17 0 1
31 17 1 1
31 17 2 1
31 17 3 1
31 17 4 1
31 17 5 1
31 17 6 1
31 17 8 1
31 18 0 1
31 18 1 1
31 18 2 1
31 18 3 1
31 18 4 1
31 18 5 1
31 18 6 1
31 18 7 1
31 18 8 1
31 18 9 1
31 19 0 1
31 19 1 1
31 19 2 1
31 19 3 1
31 19 4 1
31 19 5 1
31 19 6 1
31 19 7 1
31 19 8 1
31 19 9 1
31 19 10 1
31 20 0 1
31 20 1 1
31 20 2 1
31 20 3 1
31 20 4 1
31 20 5 1
31 20 6 1
31 20 7 1
31 20 8 1
31 20 9 1
31 21 0 1
31 21 1 1
31 21 2 1
31 21 3 1
31 21 4 1
31 21 5 1
31 21 6 1
31 21 7 1
31 21 8 1
31 21 9 1
31 22 0 1
31 22 1 1
31 22 2 1
31 22 3 1
31 22 4 1
31 22 5 1
31 22 7 1
31 22 8 1
31 22 9 1
31 23 0 1
31 23 1 1
31 23 2 1
31 23 3 1
31 23 4 1
31 23 5 1
31 23 8 1
31 24 0 1
31 24 1 1
31 24 2 1
31 24 3 1
31 24 4 1
31 24 5 1
31 24 6 1
31 24 7 1
31 25 0 1
31 25 1 1
31 25 2 1
31 25 3 1
31 25 4 1
31 25 5 1
31 26 0 1
31 26 1 1
31 26 2 1
31 26 3 1
31 26 4 1
31 26 5 1
31 26 6 1
31 26 7 1
31 26 9 1
31 27 0 1
31 27 1 1
31 27 2 1
31 27 3 1
31 27 4 1
31 27 5 1
31 27 8 1
31 27 9 1
31 28 0 1
31 28 1 1
31 28 2 1
31 28 3 1
31 28 4 1
31 28 5 1
31 29 0 1
31 29 1 1
31 29 2 1
31 29 3 1
31 29 4 1
31 29 5 1
31 29 6 1
31 30 0 1
31 30 1 1
31 30 2 1
31 30 3 1
31 30 4 1
31 30 5 1
31 31 0 1
31 31 1 1
31 31 2 1
31 31 3 1
31 31 4 1
31 32 0 1
31 32 1 1
31 32 3 1
31 32 4 1
31 33 0 1
32 15 2 1
32 15 3 1
32 15 4 1
32 15 5 1
32 16 0 1
32 16 2 1
32 16 3 1
32 16 4 1
32 16 5 1
32 16 6 1
32 17 0 1
32 17 1 1
32 17 2 1
32 17 3 1
32 17 4 1
32 17 5 1
32 17 6 1
32 17 7 1
32 18 0 1
32 18 1 1
32 18 2 1
32 18 3 1
32 18 4 1
32 18 5 1
32 18 6 1
32 19 0 1
32 19 1 1
32 19 2 1
32 19 3 1
32 19 4 1
32 19 5 1
32 19 7 1
32 19 9 1
32 20 0 1
32 20 1 1
32 20 2 1
32 20 3 1
32 20 4 1
32 20 5 1
32 20 6 1
32 20 7 1
32 20 8 1
32 21 0 1
32 21 1 1
32 21 2 1
32 21 3 1
32 21 4 1
32 21 5 1
32 21 6 1
32 21 7 1
32 21 8 1
32 22 0 1
32 22 1 1
32 22 2 1
32 22 3 1
32 22 5 1
32 22 6 1
32 22 8 1
32 23 0 1
32 23 1 1
32 23 2 1
32 23 3 1
32 23 4 1
32 23 5 1
32 23 6 1
32 24 0 1
32 24 1 1
32 24 2 1
32 24 3 1
32 24 4 1
32 24 5 1
32 24 6 1
32 25 0 1
32 25 1 1
32 25 2 1
32 25 3 1
32 25 4 1
32 25 5 1
32 26 0 1
32 26 1 1
32 26 2 1
32 26 3 1
32 26 4 1
32 26 5 1
32 26 6 1
32 27 0 1
32 27 1 1
32 27 2 1
32 27 3 1
32 27 4 1
32 27 5 1
32 27 6 1
32 28 0 1
32 28 1 1
32 28 2 1
32 28 3 1
32 28 4 1
32 29 0 1
32 29 1 1
32 29 2 1
32 29 3 1
32 29 4 1
32 30 0 1
32 30 1 1
32 30 2 1
32 30 3 1
32 30 4 1
32 30 5 1
32 31 0 1
32 31 1 1
32 31 2 1
32 31 3 1
32 31 4 1
32 31 5 1
32 32 0 1
32 32 3 1
32 32 4 1
32 32 5 1
32 33 4 1
33 16 3 1
33 16 4 1
33 16 5 1
33 17 3 1
33 17 4 1
33 17 5 1
33 17 6 1
33 18 0 1
33 18 1 1
33 18 2 1
33 18 3 1
33 18 4 1
33 19 0 1
33 19 1 1
33 19 2 1
33 19 3 1
33 20 0 1
33 20 1 1
33 20 2 1
33 20 3 1
33 20 4 1
33 20 5 1
33 20 7 1
33 21 0 1
33 21 1 1
33 21 2 1
33 21 3 1
33 21 4 1
33 21 5 1
33 21 6 1
33 22 0 1
33 22 1 1
33 22 2 1
33 22 3 1
33 22 4 1
33 22 5 1
33 23 0 1
33 23 1 1
33 23 2 1
33 23 3 1
33 23 4 1
33 23 5 1
33 24 0 1
33 24 1 1
33 24 2 1
33 24 3 1
33 24 4 1
33 24 5 1
33 24 6 1
33 25 0 1
33 25 1 1
33 25 2 1
33 25 3 1
33 25 4 1
33 25 5 1
33 26 0 1
33 26 1 1
33 26 2 1
33 26 3 1
33 26 4 1
33 26 5 1
33 26 6 1
33 27 0 1
33 27 1 1
33 27 2 1
33 27 3 1
33 27 4 1
33 27 5 1
33 27 6 1
33 27 7 1
33 28 0 1
33 28 1 1
33 28 2 1
33 28 4 1
33 28 5 1
33 28 6 1
33 29 2 1
33 29 3 1
33 29 4 1
33 30 2 1
33 30 3 1
33 30 4 1
33 30 5 1
33 31 0 1
33 31 3 1
33 31 4 1
33 32 4 1
34 19 0 1
34 19 2 1
34 20 0 1
34 20 1 1
34 20 2 1
34 20 3 1
34 21 2 1
34 21 5 1
34 22 0 1
34 22 1 1
34 22 2 1
34 22 3 1
34 22 4 1
34 23 0 1
34 23 1 1
34 23 2 1
34 23 3 1
34 23 4 1
34 23 5 1
34 24 0 1
34 24 1 1
34 24 2 1
34 24 3 1
34 24 4 1
34 24 5 1
34 24 6 1
34 25 0 1
34 25 1 1
34 25 2 1
34 25 3 1
34 25 4 1
34 25 5 1
34 26 0 1
34 26 1 1
34 26 2 1
34 26 3 1
34 26 4 1
34 26 5 1
34 27 0 1
34 27 1 1
34 27 2 1
34 27 4 1
34 27 5 1
34 27 6 1
34 28 0 1
34 28 5 1
34 30 3 1
34 30 4 1
35 20 2 1
35 22 0 1
35 22 1 1
35 22 2 1
35 22 3 1
35 23 0 1
35 23 1 1
35 23 2 1
35 23 3 1
35 23 4 1
35 24 0 1
35 24 1 1
35 24 2 1
35 24 3 1
35 24 4 1
35 24 5 1
35 25 0 1
35 25 1 1
35 25 2 1
35 25 3 1
35 25 4 1
35 25 5 1
35 26 0 1
35 26 2 1
35 26 3 1
35 26 4 1
35 26 5 1
35 27 0 1
35 27 1 1
35 27 2 1
35 27 5 1
35 28 0 1
36 22 2 1
36 22 4 1
36 23 0 1
36 23 1 1
36 23 2 1
36 23 3 1
36 23 4 1
36 23 5 1
36 24 0 1
36 24 1 1
36 24 2 1
36 24 3 1
36 24 4 1
36 24 5 1
36 25 0 1
36 25 1 1
36 25 2 1
36 25 3 1
36 25 4 1
36 25 5 1
36 25 6 1
36 26 0 1
36 26 1 1
36 26 2 1
36 26 3 1
36 26 4 1
36 26 5 1
36 26 6 1
36 27 0 1
36 27 1 1
36 27 2 1
36 27 3 1
36 27 5 1
36 28 2 1
37 23 2 1
37 23 4 1
37 24 2 1
37 24 3 1
37 24 4 1
37 25 0 1
37 25 1 1
37 25 2 1
37 25 3 1
37 25 4 1
37 25 5 1
37 26 2 1
37 26 3 1
37 26 4 1
37 26 5 1
37 26 6 1
37 27 2 1
37 27 4 1
37 27 5 1
38 25 3 1
38 25 4 1
38 26 3 1
38 26 4 1
38 26 5 1
38 27 4 1
39 26 4 1
